1791311931 2
1791311934 1
1791311937 2
1791311941 8
1791311944 4
1791311947 6
1791311951 3
1791311954 4
1791311957 16
1791311961 2
1791311964 3
1791311967 16
1791311970 4
1791311974 2
1791311977 13
1791311980 5
1791311984 3
1791311987 14
1791311990 3
1791311994 9
1791311997 7
1791312000 4
1791312004 5
1791312007 3
1791312010 5
1791312013 3
1791312017 1
1791312020 3
1791312023 5
1791312027 6
1791312030 4
1791312033 4
1791312037 3
1791312040 5
1791312043 2
1791312046 0
1791312050 2
1791312053 0
1791312056 15
1791312060 9
1791312063 5
1791312066 2
1791312069 2
1791312073 7
1791312076 0
1791312079 2
1791312083 2
1791312086 4
1791312089 1
1791312092 2
1791312096 6
1791312099 4
1791312102 1
1791312106 2
1791312109 1
1791312112 2
1791312115 4
1791312119 1
1791312122 0
1791312125 3
1791312129 2
1791312132 3
1791312135 1
1791312139 2
1791312142 1
1791312145 2
1791312148 1
1791312152 2
1791312155 5
1791312158 6
1791312162 3
1791312165 1
1791312168 2
1791312171 3
1791312175 4
1791312178 1
1791312181 2
1791312185 3
1791312188 3
1791312191 3
1791312194 1
1791312198 1
1791312201 5
1791312204 1
1791312208 2
1791312211 2
1791312214 4
1791312218 2
1791312221 3
1791312224 2
1791312227 3
1791312231 7
1791312234 2
1791312237 1
1791312241 3
1791312244 1
1791312247 2
1791312250 2
1791312254 1
1791312257 0
1791312260 4
1791312264 2
1791312267 1
1791312270 3
1791312273 1
1791312277 2
1791312280 3
1791312283 1
1791312287 2
1791312290 4
1791312293 4
1791312297 1
1791312300 3
1791312303 1
1791312306 8
1791312310 1
1791312313 2
1791312316 3
1791312320 2
1791312323 13
1791312326 1
1791312329 1
1791312333 7
1791312336 5
1791312339 1
1791312343 0
1791312346 3
1791312349 2
1791312352 6
1791312356 1
1791312359 2
1791312362 1
1791312366 3
1791312369 4
1791312372 2
1791312375 3
1791312379 1
1791312382 0
1791312385 6
1791312389 1
1791312392 1
1791312395 4
1791312398 1
1791312402 6
1791312405 1
1791312408 0
