1791311535 2
1791311539 0
1791311542 2
1791311545 0
1791311548 4
1791311552 1
1791311555 28
1791311558 4
1791311561 1
1791311565 2
1791311568 5
1791311571 1
1791311574 1
1791311578 4
1791311581 3
1791311584 1
1791311587 6
1791311591 0
1791311594 0
1791311597 4
1791311600 1
1791311604 3
1791311607 1
1791311610 4
1791311613 1
1791311617 6
1791311620 0
1791311623 3
1791311626 1
1791311630 1
1791311633 1
1791311636 1
1791311639 1
1791311643 2
1791311646 4
1791311649 0
1791311652 2
1791311656 1
1791311659 0
1791311662 1
1791311665 1
1791311669 4
1791311672 2
1791311675 6
1791311678 1
1791311682 2
1791311685 2
1791311688 2
1791311692 1
1791311695 1
1791311698 1
1791311702 2
1791311705 6
1791311708 1
1791311711 1
1791311715 4
1791311718 0
1791311721 2
1791311725 1
1791311728 0
1791311731 1
